[gd_scene load_steps=49 format=2]

[ext_resource path="res://Models/locations/NivekHome/terrain/ground.tscn" type="PackedScene" id=1]
[ext_resource path="res://Scripts/PlayerSpawn.gd" type="Script" id=2]
[ext_resource path="res://Models/locations/Environment/Tree1/tree1.tscn" type="PackedScene" id=3]
[ext_resource path="res://Models/locations/Environment/Tree2/tree2.tscn" type="PackedScene" id=4]
[ext_resource path="res://Models/locations/General/hill2/HillBig.tscn" type="PackedScene" id=5]
[ext_resource path="res://Models/locations/General/hill1/hill1.tscn" type="PackedScene" id=6]
[ext_resource path="res://Models/locations/NivekHome/ShoreTower/ShoreTower.tscn" type="PackedScene" id=7]
[ext_resource path="res://Models/locations/NivekHome/FishingLodge/FishingLodge.tscn" type="PackedScene" id=8]
[ext_resource path="res://Models/locations/NivekHome/ShorePier/ShorePier.tscn" type="PackedScene" id=9]
[ext_resource path="res://Models/locations/NivekHome/RuinsBearingWall/BearingWall.tscn" type="PackedScene" id=10]
[ext_resource path="res://Models/locations/NivekHome/RuinsChest/Chest.tscn" type="PackedScene" id=11]
[ext_resource path="res://Models/locations/NivekHome/RuinsColumn/RuinsColumn.tscn" type="PackedScene" id=12]
[ext_resource path="res://Models/locations/NivekHome/RuinsEntrance/RuinsEntrance.tscn" type="PackedScene" id=13]
[ext_resource path="res://Models/locations/NivekHome/RuinsExtensions/RuinsExtensions.tscn" type="PackedScene" id=14]
[ext_resource path="res://Models/locations/NivekHome/RuinsThrone/Throne.tscn" type="PackedScene" id=15]
[ext_resource path="res://Models/locations/NivekHome/RuinsTrail/RuinsTrail.tscn" type="PackedScene" id=16]
[ext_resource path="res://Models/locations/Environment/DeadTree/DeadTree.tscn" type="PackedScene" id=17]
[ext_resource path="res://Objects/NivekHome/DTbarrier/DeadTreeBarrier.tscn" type="PackedScene" id=18]
[ext_resource path="res://Models/locations/NivekHome/House1/VillageHouse1.tscn" type="PackedScene" id=19]
[ext_resource path="res://Models/locations/NivekHome/Borehole/Borehole.tscn" type="PackedScene" id=20]
[ext_resource path="res://Models/locations/NivekHome/Barn1/Barn1.tscn" type="PackedScene" id=21]
[ext_resource path="res://Models/locations/General/Fence1/Fence.tscn" type="PackedScene" id=22]
[ext_resource path="res://Models/locations/NivekHome/GardenShrub/GardenShrub.tscn" type="PackedScene" id=23]
[ext_resource path="res://Models/locations/Environment/Shrub/shrub.tscn" type="PackedScene" id=24]
[ext_resource path="res://Models/locations/NivekHome/NivekBridge/NivekBridge.tscn" type="PackedScene" id=25]
[ext_resource path="res://Models/locations/NivekHome/NivekHome/NivekHome.tscn" type="PackedScene" id=26]
[ext_resource path="res://Models/locations/NivekHome/NivekBed/NivekBed.tscn" type="PackedScene" id=27]
[ext_resource path="res://Models/locations/NivekHome/NivekTable/NivekTable.tscn" type="PackedScene" id=28]
[ext_resource path="res://Models/locations/Environment/Stone1/TheStone.tscn" type="PackedScene" id=29]

[sub_resource type="GDScript" id=1]
script/source = "extends Spatial


func _ready():
	G.SetMode(0)
	G.AddSpawn($\"ground/System/PlayerSpawn\")
"

[sub_resource type="GDScript" id=2]
script/source = "extends Spatial


func _ready():
	for o in get_children():
		o.rotation_degrees.y += G.rd.randi_range(-10, 10)
	


"

[sub_resource type="GDScript" id=13]
script/source = "extends Area

func _on_NivekHomeArea_body_entered(body):
	if body == G.player:
		G.MovingDir = deg2rad(90)
		G.SetMode(1)
	

func _on_NivekHomeArea_body_exited(body):
	if body == G.player:
		G.SetMode(0)
	
"

[sub_resource type="BoxShape" id=14]
extents = Vector3( 15, 6, 15 )

[sub_resource type="GDScript" id=3]
script/source = "extends Area

export (float) var new_optimization_step = 1

"

[sub_resource type="BoxShape" id=4]
extents = Vector3( 23, 16, 22 )

[sub_resource type="BoxShape" id=5]
extents = Vector3( 23, 13, 47 )

[sub_resource type="BoxShape" id=6]
extents = Vector3( 2, 13, 22 )

[sub_resource type="BoxShape" id=7]
extents = Vector3( 24, 13, 4 )

[sub_resource type="BoxShape" id=8]
extents = Vector3( 24, 13, 3 )

[sub_resource type="BoxShape" id=9]
extents = Vector3( 153, 39, 3 )

[sub_resource type="BoxShape" id=10]
extents = Vector3( 1, 10, 28 )

[sub_resource type="BoxShape" id=11]
extents = Vector3( 24, 8, 31 )

[sub_resource type="BoxShape" id=12]
extents = Vector3( 5, 9, 5 )

[sub_resource type="BoxShape" id=15]
extents = Vector3( 12, 15, 13 )

[sub_resource type="BoxShape" id=16]
extents = Vector3( 17, 15, 6 )

[sub_resource type="BoxShape" id=17]
extents = Vector3( 7, 15, 7 )

[sub_resource type="BoxShape" id=18]
extents = Vector3( 6, 15, 6 )

[sub_resource type="BoxShape" id=19]
extents = Vector3( 15, 15, 6 )

[node name="NivekLands" type="Spatial"]
script = SubResource( 1 )

[node name="ground" parent="." instance=ExtResource( 1 )]

[node name="DirectionalLight" type="DirectionalLight" parent="ground"]
transform = Transform( 0.582563, 0.766045, -0.271654, 0.422618, 8.22868e-08, 0.906308, 0.694272, -0.642787, -0.323744, -40, 75, -50 )
directional_shadow_mode = 0

[node name="Level" type="Spatial" parent="ground"]

[node name="Trees" type="Spatial" parent="ground/Level"]

[node name="treeOne" parent="ground/Level/Trees" instance=ExtResource( 3 )]
transform = Transform( 0.541635, 0, -0.840614, 0, 1, 0, 0.840614, 0, 0.541635, -84.3776, 0, -46.7065 )

[node name="treeOne2" parent="ground/Level/Trees" instance=ExtResource( 3 )]
transform = Transform( -0.917331, 0, 0.398125, 0, 1, 0, -0.398125, 0, -0.917331, -89.8124, 0, -27.8324 )

[node name="treeOne3" parent="ground/Level/Trees" instance=ExtResource( 3 )]
transform = Transform( -0.276376, 0, 0.96105, 0, 1, 0, -0.96105, 0, -0.276376, -85.119, 0, 0.00778961 )

[node name="treeOne4" parent="ground/Level/Trees" instance=ExtResource( 3 )]
transform = Transform( -0.923505, 0, -0.383586, 0, 1, 0, 0.383586, 0, -0.923505, -94.9506, 0, -17.625 )

[node name="treeOne5" parent="ground/Level/Trees" instance=ExtResource( 3 )]
transform = Transform( 0.390506, 0, -0.9206, 0, 1, 0, 0.9206, 0, 0.390506, -89.8397, 0, 17.8929 )

[node name="treeOne11" parent="ground/Level/Trees" instance=ExtResource( 3 )]
transform = Transform( 0.390506, 0, -0.9206, 0, 1, 0, 0.9206, 0, 0.390506, -67.8397, 7, 50.8929 )

[node name="treeOne12" parent="ground/Level/Trees" instance=ExtResource( 3 )]
transform = Transform( 0.390506, 0, -0.9206, 0, 1, 0, 0.9206, 0, 0.390506, -55.8397, 7, 66.8929 )

[node name="treeOne13" parent="ground/Level/Trees" instance=ExtResource( 3 )]
transform = Transform( 0.390506, 0, -0.9206, 0, 1, 0, 0.9206, 0, 0.390506, -62.8397, 7, 85.8929 )

[node name="treeOne14" parent="ground/Level/Trees" instance=ExtResource( 3 )]
transform = Transform( 0.390506, 0, -0.9206, 0, 1, 0, 0.9206, 0, 0.390506, -48.8397, 7, 97.8929 )

[node name="treeOne37" parent="ground/Level/Trees" instance=ExtResource( 3 )]
transform = Transform( 0.390506, 0, -0.9206, 0, 1, 0, 0.9206, 0, 0.390506, -23.8397, 1, 96.8929 )

[node name="treeOne38" parent="ground/Level/Trees" instance=ExtResource( 3 )]
transform = Transform( 0.390506, 0, -0.9206, 0, 1, 0, 0.9206, 0, 0.390506, 0.160301, 1, 92.8929 )

[node name="treeOne39" parent="ground/Level/Trees" instance=ExtResource( 3 )]
transform = Transform( 0.390506, 0, -0.9206, 0, 1, 0, 0.9206, 0, 0.390506, 39.1603, 1, 92.8929 )

[node name="treeOne40" parent="ground/Level/Trees" instance=ExtResource( 3 )]
transform = Transform( 0.390506, 0, -0.9206, 0, 1, 0, 0.9206, 0, 0.390506, 42.1603, 1, 146.893 )

[node name="treeOne57" parent="ground/Level/Trees" instance=ExtResource( 3 )]
transform = Transform( 0.390506, 0, -0.9206, 0, 1, 0, 0.9206, 0, 0.390506, 61.1603, 1, 141.893 )

[node name="treeOne42" parent="ground/Level/Trees" instance=ExtResource( 3 )]
transform = Transform( 0.390506, 0, -0.9206, 0, 1, 0, 0.9206, 0, 0.390506, -10.8397, 1, 147.893 )

[node name="treeOne43" parent="ground/Level/Trees" instance=ExtResource( 3 )]
transform = Transform( 0.390506, 0, -0.9206, 0, 1, 0, 0.9206, 0, 0.390506, -27.8397, 1, 145.893 )

[node name="treeOne44" parent="ground/Level/Trees" instance=ExtResource( 3 )]
transform = Transform( 0.390506, 0, -0.9206, 0, 1, 0, 0.9206, 0, 0.390506, -41.8397, 1, 137.893 )

[node name="treeOne45" parent="ground/Level/Trees" instance=ExtResource( 3 )]
transform = Transform( 0.390506, 0, -0.9206, 0, 1, 0, 0.9206, 0, 0.390506, -32.8397, 1, 86.8929 )

[node name="treeOne46" parent="ground/Level/Trees" instance=ExtResource( 3 )]
transform = Transform( 0.390506, 0, -0.9206, 0, 1, 0, 0.9206, 0, 0.390506, 31.1603, 1, 74.8929 )

[node name="treeOne90" parent="ground/Level/Trees" instance=ExtResource( 3 )]
transform = Transform( 0.390506, 0, -0.9206, 0, 1, 0, 0.9206, 0, 0.390506, 33.1603, 1, 50.8929 )

[node name="treeOne56" parent="ground/Level/Trees" instance=ExtResource( 3 )]
transform = Transform( 0.390506, 0, -0.9206, 0, 1, 0, 0.9206, 0, 0.390506, 22.1603, 1, 84.8929 )

[node name="treeOne47" parent="ground/Level/Trees" instance=ExtResource( 3 )]
transform = Transform( 0.390506, 0, -0.9206, 0, 1, 0, 0.9206, 0, 0.390506, 57.1603, 1, 92.8929 )

[node name="treeOne48" parent="ground/Level/Trees" instance=ExtResource( 3 )]
transform = Transform( 0.390506, 0, -0.9206, 0, 1, 0, 0.9206, 0, 0.390506, 67.1603, 1, 107.893 )

[node name="treeOne49" parent="ground/Level/Trees" instance=ExtResource( 3 )]
transform = Transform( 0.390506, 0, -0.9206, 0, 1, 0, 0.9206, 0, 0.390506, 87.1603, 1, 117.893 )

[node name="treeOne50" parent="ground/Level/Trees" instance=ExtResource( 3 )]
transform = Transform( 0.390506, 0, -0.9206, 0, 1, 0, 0.9206, 0, 0.390506, 109.16, 1, 110.893 )

[node name="treeOne51" parent="ground/Level/Trees" instance=ExtResource( 3 )]
transform = Transform( 0.390506, 0, -0.9206, 0, 1, 0, 0.9206, 0, 0.390506, 109.16, 1, 110.893 )

[node name="treeOne52" parent="ground/Level/Trees" instance=ExtResource( 3 )]
transform = Transform( 0.390506, 0, -0.9206, 0, 1, 0, 0.9206, 0, 0.390506, 105.16, 1, 129.893 )

[node name="treeOne53" parent="ground/Level/Trees" instance=ExtResource( 3 )]
transform = Transform( 0.390506, 0, -0.9206, 0, 1, 0, 0.9206, 0, 0.390506, 69.1603, 1, 125.893 )

[node name="treeOne54" parent="ground/Level/Trees" instance=ExtResource( 3 )]
transform = Transform( 0.390506, 0, -0.9206, 0, 1, 0, 0.9206, 0, 0.390506, 89.1603, 1, 138.893 )

[node name="treeOne55" parent="ground/Level/Trees" instance=ExtResource( 3 )]
transform = Transform( 0.390506, 0, -0.9206, 0, 1, 0, 0.9206, 0, 0.390506, 125.16, 1, 119.893 )

[node name="treeOne58" parent="ground/Level/Trees" instance=ExtResource( 3 )]
transform = Transform( 0.390506, 0, -0.9206, 0, 1, 0, 0.9206, 0, 0.390506, 127.16, 1, 98.8929 )

[node name="treeOne59" parent="ground/Level/Trees" instance=ExtResource( 3 )]
transform = Transform( 0.390506, 0, -0.9206, 0, 1, 0, 0.9206, 0, 0.390506, 145.16, 1, 137.893 )

[node name="treeOne60" parent="ground/Level/Trees" instance=ExtResource( 3 )]
transform = Transform( 0.390506, 0, -0.9206, 0, 1, 0, 0.9206, 0, 0.390506, 145.16, 1, 110.893 )

[node name="treeOne61" parent="ground/Level/Trees" instance=ExtResource( 3 )]
transform = Transform( 0.390506, 0, -0.9206, 0, 1, 0, 0.9206, 0, 0.390506, 139.16, 1, 80.8929 )

[node name="treeOne62" parent="ground/Level/Trees" instance=ExtResource( 3 )]
transform = Transform( 0.390506, 0, -0.9206, 0, 1, 0, 0.9206, 0, 0.390506, 126.16, 1, 63.8929 )

[node name="treeOne63" parent="ground/Level/Trees" instance=ExtResource( 3 )]
transform = Transform( 0.390506, 0, -0.9206, 0, 1, 0, 0.9206, 0, 0.390506, 147.16, 1, 62.8929 )

[node name="treeOne64" parent="ground/Level/Trees" instance=ExtResource( 3 )]
transform = Transform( 0.390506, 0, -0.9206, 0, 1, 0, 0.9206, 0, 0.390506, 132.16, 1, 41.8929 )

[node name="treeOne91" parent="ground/Level/Trees" instance=ExtResource( 3 )]
transform = Transform( 0.390506, 0, -0.9206, 0, 1, 0, 0.9206, 0, 0.390506, 118.16, 1, 48.8929 )

[node name="treeOne65" parent="ground/Level/Trees" instance=ExtResource( 3 )]
transform = Transform( 0.390506, 0, -0.9206, 0, 1, 0, 0.9206, 0, 0.390506, 146.16, 1, 42.8929 )

[node name="treeOne66" parent="ground/Level/Trees" instance=ExtResource( 3 )]
transform = Transform( 0.390506, 0, -0.9206, 0, 1, 0, 0.9206, 0, 0.390506, 110.16, 1, 29.8929 )

[node name="treeOne89" parent="ground/Level/Trees" instance=ExtResource( 3 )]
transform = Transform( 0.390506, 0, -0.9206, 0, 1, 0, 0.9206, 0, 0.390506, 100.16, 1, 21.8929 )

[node name="treeOne72" parent="ground/Level/Trees" instance=ExtResource( 3 )]
transform = Transform( 0.390506, 0, -0.9206, 0, 1, 0, 0.9206, 0, 0.390506, 137.16, 1, 9.8929 )

[node name="treeOne87" parent="ground/Level/Trees" instance=ExtResource( 3 )]
transform = Transform( -0.615469, 0, 0.788161, 0, 1, 0, -0.788161, 0, -0.615469, 110.16, 1, -2.1071 )

[node name="treeOne73" parent="ground/Level/Trees" instance=ExtResource( 3 )]
transform = Transform( 0.390506, 0, -0.9206, 0, 1, 0, 0.9206, 0, 0.390506, 130.16, 1, -12.1071 )

[node name="treeOne74" parent="ground/Level/Trees" instance=ExtResource( 3 )]
transform = Transform( 0.390506, 0, -0.9206, 0, 1, 0, 0.9206, 0, 0.390506, 111.16, 1, -15.1071 )

[node name="treeOne75" parent="ground/Level/Trees" instance=ExtResource( 3 )]
transform = Transform( 0.390506, 0, -0.9206, 0, 1, 0, 0.9206, 0, 0.390506, 120.16, 1, -33.1071 )

[node name="treeOne76" parent="ground/Level/Trees" instance=ExtResource( 3 )]
transform = Transform( 0.390506, 0, -0.9206, 0, 1, 0, 0.9206, 0, 0.390506, 104.16, 1, -44.1071 )

[node name="treeOne77" parent="ground/Level/Trees" instance=ExtResource( 3 )]
transform = Transform( 0.390506, 0, -0.9206, 0, 1, 0, 0.9206, 0, 0.390506, 126.16, 1, -60.1071 )

[node name="treeOne78" parent="ground/Level/Trees" instance=ExtResource( 3 )]
transform = Transform( 0.390506, 0, -0.9206, 0, 1, 0, 0.9206, 0, 0.390506, 133.16, 1, -35.1071 )

[node name="treeOne79" parent="ground/Level/Trees" instance=ExtResource( 3 )]
transform = Transform( 0.390506, 0, -0.9206, 0, 1, 0, 0.9206, 0, 0.390506, 114.16, 1, -60.1071 )

[node name="treeOne80" parent="ground/Level/Trees" instance=ExtResource( 3 )]
transform = Transform( 0.390506, 0, -0.9206, 0, 1, 0, 0.9206, 0, 0.390506, 90.1603, 1, -46.1071 )

[node name="treeOne81" parent="ground/Level/Trees" instance=ExtResource( 3 )]
transform = Transform( 0.390506, 0, -0.9206, 0, 1, 0, 0.9206, 0, 0.390506, 74.1603, 1, -61.1071 )

[node name="treeOne88" parent="ground/Level/Trees" instance=ExtResource( 3 )]
transform = Transform( 0.390506, 0, -0.9206, 0, 1, 0, 0.9206, 0, 0.390506, 72.1603, 1, -44.1071 )

[node name="treeOne82" parent="ground/Level/Trees" instance=ExtResource( 3 )]
transform = Transform( 0.390506, 0, -0.9206, 0, 1, 0, 0.9206, 0, 0.390506, 55.1603, 1, -56.1071 )

[node name="treeOne83" parent="ground/Level/Trees" instance=ExtResource( 3 )]
transform = Transform( 0.390506, 0, -0.9206, 0, 1, 0, 0.9206, 0, 0.390506, 35.1603, 1, -69.1071 )

[node name="treeOne84" parent="ground/Level/Trees" instance=ExtResource( 3 )]
transform = Transform( 0.390506, 0, -0.9206, 0, 1, 0, 0.9206, 0, 0.390506, 31.1603, 1, -44.1071 )

[node name="treeOne94" parent="ground/Level/Trees" instance=ExtResource( 3 )]
transform = Transform( 0.390506, 0, -0.9206, 0, 1, 0, 0.9206, 0, 0.390506, 44.1603, 1, -56.1071 )

[node name="treeOne85" parent="ground/Level/Trees" instance=ExtResource( 3 )]
transform = Transform( 0.390506, 0, -0.9206, 0, 1, 0, 0.9206, 0, 0.390506, 45.1603, 1, -29.1071 )

[node name="treeOne86" parent="ground/Level/Trees" instance=ExtResource( 3 )]
transform = Transform( 0.390506, 0, -0.9206, 0, 1, 0, 0.9206, 0, 0.390506, 62.1603, 1, -30.1071 )

[node name="treeOne68" parent="ground/Level/Trees" instance=ExtResource( 3 )]
transform = Transform( 0.390506, 0, -0.9206, 0, 1, 0, 0.9206, 0, 0.390506, 97.1603, 1, 36.8929 )

[node name="treeOne69" parent="ground/Level/Trees" instance=ExtResource( 3 )]
transform = Transform( 0.390506, 0, -0.9206, 0, 1, 0, 0.9206, 0, 0.390506, 76.1603, 1, 43.8929 )

[node name="treeOne70" parent="ground/Level/Trees" instance=ExtResource( 3 )]
transform = Transform( 0.390506, 0, -0.9206, 0, 1, 0, 0.9206, 0, 0.390506, 58.1603, 1, 54.8929 )

[node name="treeOne71" parent="ground/Level/Trees" instance=ExtResource( 3 )]
transform = Transform( 0.390506, 0, -0.9206, 0, 1, 0, 0.9206, 0, 0.390506, 63.1603, 1, 33.8929 )

[node name="treeOne92" parent="ground/Level/Trees" instance=ExtResource( 3 )]
transform = Transform( 0.390506, 0, -0.9206, 0, 1, 0, 0.9206, 0, 0.390506, 39.1603, 1, 29.8929 )

[node name="treeOne93" parent="ground/Level/Trees" instance=ExtResource( 3 )]
transform = Transform( 0.390506, 0, -0.9206, 0, 1, 0, 0.9206, 0, 0.390506, 13.1603, 1, 28.8929 )

[node name="treeOne67" parent="ground/Level/Trees" instance=ExtResource( 3 )]
transform = Transform( 0.390506, 0, -0.9206, 0, 1, 0, 0.9206, 0, 0.390506, 140.16, 1, 27.8929 )

[node name="treeOne41" parent="ground/Level/Trees" instance=ExtResource( 3 )]
transform = Transform( 0.390506, 0, -0.9206, 0, 1, 0, 0.9206, 0, 0.390506, 14.1603, 1, 143.893 )

[node name="treeOne15" parent="ground/Level/Trees" instance=ExtResource( 3 )]
transform = Transform( 0.390506, 0, -0.9206, 0, 1, 0, 0.9206, 0, 0.390506, -48.8397, 7, 97.8929 )

[node name="treeOne18" parent="ground/Level/Trees" instance=ExtResource( 3 )]
transform = Transform( 0.390506, 0, -0.9206, 0, 1, 0, 0.9206, 0, 0.390506, -25.8397, 7, 71.8929 )

[node name="treeOne19" parent="ground/Level/Trees" instance=ExtResource( 3 )]
transform = Transform( 0.390506, 0, -0.9206, 0, 1, 0, 0.9206, 0, 0.390506, -21.8397, 7, 54.8929 )

[node name="treeOne20" parent="ground/Level/Trees" instance=ExtResource( 3 )]
transform = Transform( 0.390506, 0, -0.9206, 0, 1, 0, 0.9206, 0, 0.390506, -9.83968, 7, 65.8929 )

[node name="treeOne21" parent="ground/Level/Trees" instance=ExtResource( 3 )]
transform = Transform( 0.390506, 0, -0.9206, 0, 1, 0, 0.9206, 0, 0.390506, 1.16032, 7, 53.8929 )

[node name="treeOne24" parent="ground/Level/Trees" instance=ExtResource( 3 )]
transform = Transform( 0.390506, 0, -0.9206, 0, 1, 0, 0.9206, 0, 0.390506, 2.16032, 7, 19.8929 )

[node name="treeOne95" parent="ground/Level/Trees" instance=ExtResource( 3 )]
transform = Transform( 0.390506, 0, -0.9206, 0, 1, 0, 0.9206, 0, 0.390506, -35.8397, 0.337905, 26.8929 )

[node name="treeOne96" parent="ground/Level/Trees" instance=ExtResource( 3 )]
transform = Transform( 0.390506, 0, -0.9206, 0, 1, 0, 0.9206, 0, 0.390506, -60.8397, 0.337905, 25.8929 )

[node name="treeOne97" parent="ground/Level/Trees" instance=ExtResource( 3 )]
transform = Transform( 0.390506, 0, -0.9206, 0, 1, 0, 0.9206, 0, 0.390506, -37.8397, 0.337905, -0.1071 )

[node name="treeOne98" parent="ground/Level/Trees" instance=ExtResource( 3 )]
transform = Transform( 0.390506, 0, -0.9206, 0, 1, 0, 0.9206, 0, 0.390506, -64.8397, 0.337905, 3.8929 )

[node name="treeOne99" parent="ground/Level/Trees" instance=ExtResource( 3 )]
transform = Transform( 0.390506, 0, -0.9206, 0, 1, 0, 0.9206, 0, 0.390506, -42.8397, 0.337905, -25.1071 )

[node name="treeOne109" parent="ground/Level/Trees" instance=ExtResource( 3 )]
transform = Transform( 0.390506, 0, -0.9206, 0, 1, 0, 0.9206, 0, 0.390506, -42.8397, 0.337905, -25.1071 )

[node name="treeOne110" parent="ground/Level/Trees" instance=ExtResource( 3 )]
transform = Transform( 0.390506, 0, -0.9206, 0, 1, 0, 0.9206, 0, 0.390506, -61.8397, 0.337905, -60.1071 )

[node name="treeOne100" parent="ground/Level/Trees" instance=ExtResource( 3 )]
transform = Transform( 0.390506, 0, -0.9206, 0, 1, 0, 0.9206, 0, 0.390506, -67.8397, 0.337905, -34.1071 )

[node name="treeOne101" parent="ground/Level/Trees" instance=ExtResource( 3 )]
transform = Transform( 0.390506, 0, -0.9206, 0, 1, 0, 0.9206, 0, 0.390506, -18.8397, 0.337905, -21.1071 )

[node name="treeOne108" parent="ground/Level/Trees" instance=ExtResource( 3 )]
transform = Transform( 0.390506, 0, -0.9206, 0, 1, 0, 0.9206, 0, 0.390506, -31.8397, 0.337905, -18.1071 )

[node name="treeOne102" parent="ground/Level/Trees" instance=ExtResource( 3 )]
transform = Transform( 0.390506, 0, -0.9206, 0, 1, 0, 0.9206, 0, 0.390506, -67.8397, 0.337905, -14.1071 )

[node name="treeOne103" parent="ground/Level/Trees" instance=ExtResource( 3 )]
transform = Transform( 0.390506, 0, -0.9206, 0, 1, 0, 0.9206, 0, 0.390506, -48.8397, 0.337905, -4.1071 )

[node name="treeOne104" parent="ground/Level/Trees" instance=ExtResource( 3 )]
transform = Transform( 0.390506, 0, -0.9206, 0, 1, 0, 0.9206, 0, 0.390506, -56.8397, 0.337905, 11.8929 )

[node name="treeOne105" parent="ground/Level/Trees" instance=ExtResource( 3 )]
transform = Transform( 0.390506, 0, -0.9206, 0, 1, 0, 0.9206, 0, 0.390506, -46.8397, 0.337905, 20.8929 )

[node name="treeOne106" parent="ground/Level/Trees" instance=ExtResource( 3 )]
transform = Transform( 0.390506, 0, -0.9206, 0, 1, 0, 0.9206, 0, 0.390506, -61.8397, 0.337905, -24.1071 )

[node name="treeOne107" parent="ground/Level/Trees" instance=ExtResource( 3 )]
transform = Transform( 0.390506, 0, -0.9206, 0, 1, 0, 0.9206, 0, 0.390506, -31.8397, 0.337905, -39.1071 )

[node name="treeOne111" parent="ground/Level/Trees" instance=ExtResource( 3 )]
transform = Transform( 0.390506, 0, -0.9206, 0, 1, 0, 0.9206, 0, 0.390506, -25.8397, 0.337905, -59.1071 )

[node name="treeOne25" parent="ground/Level/Trees" instance=ExtResource( 3 )]
transform = Transform( 0.390506, 0, -0.9206, 0, 1, 0, 0.9206, 0, 0.390506, 14.1603, 7, 6.89288 )

[node name="treeOne26" parent="ground/Level/Trees" instance=ExtResource( 3 )]
transform = Transform( 0.390506, 0, -0.9206, 0, 1, 0, 0.9206, 0, 0.390506, 18.1603, 7, -7.10712 )

[node name="treeOne27" parent="ground/Level/Trees" instance=ExtResource( 3 )]
transform = Transform( 0.390506, 0, -0.9206, 0, 1, 0, 0.9206, 0, 0.390506, 34.1603, 7, 6.89288 )

[node name="treeOne28" parent="ground/Level/Trees" instance=ExtResource( 3 )]
transform = Transform( 0.390506, 0, -0.9206, 0, 1, 0, 0.9206, 0, 0.390506, 23.1603, 7, 16.8929 )

[node name="treeOne29" parent="ground/Level/Trees" instance=ExtResource( 3 )]
transform = Transform( 0.390506, 0, -0.9206, 0, 1, 0, 0.9206, 0, 0.390506, 38.1603, 7, -13.1071 )

[node name="treeOne30" parent="ground/Level/Trees" instance=ExtResource( 3 )]
transform = Transform( 0.390506, 0, -0.9206, 0, 1, 0, 0.9206, 0, 0.390506, 3.16032, 7, -17.1071 )

[node name="treeOne31" parent="ground/Level/Trees" instance=ExtResource( 3 )]
transform = Transform( 0.390506, 0, -0.9206, 0, 1, 0, 0.9206, 0, 0.390506, -17.8397, 9, -63.1071 )

[node name="treeOne32" parent="ground/Level/Trees" instance=ExtResource( 3 )]
transform = Transform( 0.390506, 0, -0.9206, 0, 1, 0, 0.9206, 0, 0.390506, 9.16032, 9, -63.1071 )

[node name="treeOne22" parent="ground/Level/Trees" instance=ExtResource( 3 )]
transform = Transform( 0.390506, 0, -0.9206, 0, 1, 0, 0.9206, 0, 0.390506, 10.1603, 7, 68.8929 )

[node name="treeOne23" parent="ground/Level/Trees" instance=ExtResource( 3 )]
transform = Transform( 0.390506, 0, -0.9206, 0, 1, 0, 0.9206, 0, 0.390506, 18.1603, 7, 55.8929 )

[node name="treeOne16" parent="ground/Level/Trees" instance=ExtResource( 3 )]
transform = Transform( 0.390506, 0, -0.9206, 0, 1, 0, 0.9206, 0, 0.390506, -48.8397, 7, 80.8929 )

[node name="treeOne17" parent="ground/Level/Trees" instance=ExtResource( 3 )]
transform = Transform( 0.390506, 0, -0.9206, 0, 1, 0, 0.9206, 0, 0.390506, -44.8397, 7, 53.8929 )

[node name="treeOne6" parent="ground/Level/Trees" instance=ExtResource( 3 )]
transform = Transform( 0.891133, 0, -0.453742, 0, 1, 0, 0.453742, 0, 0.891133, -87.8334, 0, 36.0661 )

[node name="treeOne10" parent="ground/Level/Trees" instance=ExtResource( 3 )]
transform = Transform( -0.84201, 0, -0.539462, 0, 1, 0, 0.539462, 0, -0.84201, -87.9791, 0, 52.1398 )

[node name="treeOne7" parent="ground/Level/Trees" instance=ExtResource( 3 )]
transform = Transform( -0.10255, 0, 0.994728, 0, 1, 0, -0.994728, 0, -0.10255, -99.3328, 0, 59.6698 )

[node name="treeOne8" parent="ground/Level/Trees" instance=ExtResource( 3 )]
transform = Transform( -0.785738, 0, -0.618559, 0, 1, 0, 0.618559, 0, -0.785738, -88.3715, 0, 69.7107 )

[node name="treeOne9" parent="ground/Level/Trees" instance=ExtResource( 3 )]
transform = Transform( 0.995645, 0, 0.0932222, 0, 1, 0, -0.0932222, 0, 0.995645, -89.3234, 0, 96.7263 )

[node name="treeOne112" parent="ground/Level/Trees" instance=ExtResource( 3 )]
transform = Transform( 0.995645, 0, 0.0932222, 0, 1, 0, -0.0932222, 0, 0.995645, -75.3234, 0, 121.726 )

[node name="treeOne113" parent="ground/Level/Trees" instance=ExtResource( 3 )]
transform = Transform( 0.995645, 0, 0.0932222, 0, 1, 0, -0.0932222, 0, 0.995645, -95.3234, 0, 116.726 )

[node name="treeOne114" parent="ground/Level/Trees" instance=ExtResource( 3 )]
transform = Transform( 0.995645, 0, 0.0932222, 0, 1, 0, -0.0932222, 0, 0.995645, -94.3234, 0, 130.726 )

[node name="treeOne115" parent="ground/Level/Trees" instance=ExtResource( 3 )]
transform = Transform( 0.995645, 0, 0.0932222, 0, 1, 0, -0.0932222, 0, 0.995645, -82.3234, 0, 143.726 )

[node name="treeOne116" parent="ground/Level/Trees" instance=ExtResource( 3 )]
transform = Transform( 0.995645, 0, 0.0932222, 0, 1, 0, -0.0932222, 0, 0.995645, -65.3234, 0, 142.726 )

[node name="treeOne117" parent="ground/Level/Trees" instance=ExtResource( 3 )]
transform = Transform( 0.995645, 0, 0.0932222, 0, 1, 0, -0.0932222, 0, 0.995645, -60.3234, 0, 131.726 )

[node name="treeOne33" parent="ground/Level/Trees" instance=ExtResource( 3 )]
transform = Transform( 0.995645, 0, 0.0932222, 0, 1, 0, -0.0932222, 0, 0.995645, -112.323, 6.34756, 96.7263 )

[node name="treeOne36" parent="ground/Level/Trees" instance=ExtResource( 3 )]
transform = Transform( 0.995645, 0, 0.0932222, 0, 1, 0, -0.0932222, 0, 0.995645, -107.323, 6.34756, 69.7263 )

[node name="treeOne34" parent="ground/Level/Trees" instance=ExtResource( 3 )]
transform = Transform( 0.995645, 0, 0.0932222, 0, 1, 0, -0.0932222, 0, 0.995645, -139.323, 6.34756, 100.726 )

[node name="treeOne35" parent="ground/Level/Trees" instance=ExtResource( 3 )]
transform = Transform( 0.995645, 0, 0.0932222, 0, 1, 0, -0.0932222, 0, 0.995645, -109.323, 6.34756, 141.726 )

[node name="treeTwo" parent="ground/Level/Trees" instance=ExtResource( 4 )]
transform = Transform( 0.76104, 0, 0.648705, 0, 1, 0, -0.648705, 0, 0.76104, -85.8029, 0, -36.9521 )
hide_distance = 70.0

[node name="treeTwo2" parent="ground/Level/Trees" instance=ExtResource( 4 )]
transform = Transform( 0.76104, 0, 0.648705, 0, 1, 0, -0.648705, 0, 0.76104, -85.7096, 0.61492, -18.9346 )
hide_distance = 70.0

[node name="treeTwo13" parent="ground/Level/Trees" instance=ExtResource( 4 )]
transform = Transform( 0.76104, 0, 0.648705, 0, 1, 0, -0.648705, 0, 0.76104, -85.015, 1.90735e-06, -9.75209 )
hide_distance = 70.0

[node name="treeTwo3" parent="ground/Level/Trees" instance=ExtResource( 4 )]
transform = Transform( 0.76104, 0, 0.648705, 0, 1, 0, -0.648705, 0, 0.76104, -93.3175, 1.90735e-06, -4.58928 )
hide_distance = 70.0

[node name="treeTwo4" parent="ground/Level/Trees" instance=ExtResource( 4 )]
transform = Transform( 0.76104, 0, 0.648705, 0, 1, 0, -0.648705, 0, 0.76104, -84.3653, 1.90735e-06, 9.0167 )
hide_distance = 70.0

[node name="treeTwo5" parent="ground/Level/Trees" instance=ExtResource( 4 )]
transform = Transform( 0.76104, 0, 0.648705, 0, 1, 0, -0.648705, 0, 0.76104, -94.3586, 1.90735e-06, 3.40291 )
hide_distance = 70.0

[node name="treeTwo6" parent="ground/Level/Trees" instance=ExtResource( 4 )]
transform = Transform( 0.76104, 0, 0.648705, 0, 1, 0, -0.648705, 0, 0.76104, -85.2584, 1.90735e-06, 26.9407 )
hide_distance = 70.0

[node name="treeTwo7" parent="ground/Level/Trees" instance=ExtResource( 4 )]
transform = Transform( 0.76104, 0, 0.648705, 0, 1, 0, -0.648705, 0, 0.76104, -85.4922, 1.90735e-06, 44.7107 )
hide_distance = 70.0

[node name="treeTwo8" parent="ground/Level/Trees" instance=ExtResource( 4 )]
transform = Transform( 0.76104, 0, 0.648705, 0, 1, 0, -0.648705, 0, 0.76104, -88.5065, 1.90735e-06, 59.6681 )
hide_distance = 70.0

[node name="treeTwo14" parent="ground/Level/Trees" instance=ExtResource( 4 )]
transform = Transform( 0.76104, 0, 0.648705, 0, 1, 0, -0.648705, 0, 0.76104, -65.5065, 7.08559, 73.6681 )
hide_distance = 70.0

[node name="treeTwo15" parent="ground/Level/Trees" instance=ExtResource( 4 )]
transform = Transform( 0.76104, 0, 0.648705, 0, 1, 0, -0.648705, 0, 0.76104, -65.5065, 7.08559, 60.6681 )
hide_distance = 70.0

[node name="treeTwo16" parent="ground/Level/Trees" instance=ExtResource( 4 )]
transform = Transform( 0.76104, 0, 0.648705, 0, 1, 0, -0.648705, 0, 0.76104, -56.5065, 7.08559, 53.6681 )
hide_distance = 70.0

[node name="treeTwo17" parent="ground/Level/Trees" instance=ExtResource( 4 )]
transform = Transform( 0.76104, 0, 0.648705, 0, 1, 0, -0.648705, 0, 0.76104, -46.5065, 7.08559, 64.6681 )
hide_distance = 70.0

[node name="treeTwo22" parent="ground/Level/Trees" instance=ExtResource( 4 )]
transform = Transform( 0.76104, 0, 0.648705, 0, 1, 0, -0.648705, 0, 0.76104, -11.5065, 7.08559, 51.6681 )
hide_distance = 70.0

[node name="treeTwo23" parent="ground/Level/Trees" instance=ExtResource( 4 )]
transform = Transform( 0.76104, 0, 0.648705, 0, 1, 0, -0.648705, 0, 0.76104, -21.5065, 7.08559, 61.6681 )
hide_distance = 70.0

[node name="treeTwo24" parent="ground/Level/Trees" instance=ExtResource( 4 )]
transform = Transform( 0.76104, 0, 0.648705, 0, 1, 0, -0.648705, 0, 0.76104, -2.50648, 7.08559, 71.6681 )
hide_distance = 70.0

[node name="treeTwo25" parent="ground/Level/Trees" instance=ExtResource( 4 )]
transform = Transform( 0.76104, 0, 0.648705, 0, 1, 0, -0.648705, 0, 0.76104, -16.5065, 7.08559, 72.6681 )
hide_distance = 70.0

[node name="treeTwo26" parent="ground/Level/Trees" instance=ExtResource( 4 )]
transform = Transform( 0.76104, 0, 0.648705, 0, 1, 0, -0.648705, 0, 0.76104, 2.49352, 7.08559, 61.6681 )
hide_distance = 70.0

[node name="treeTwo27" parent="ground/Level/Trees" instance=ExtResource( 4 )]
transform = Transform( 0.76104, 0, 0.648705, 0, 1, 0, -0.648705, 0, 0.76104, 9.49352, 7.08559, 54.6681 )
hide_distance = 70.0

[node name="treeTwo29" parent="ground/Level/Trees" instance=ExtResource( 4 )]
transform = Transform( 0.76104, 0, 0.648705, 0, 1, 0, -0.648705, 0, 0.76104, 40.4935, 7.08559, 18.6681 )
hide_distance = 70.0

[node name="treeTwo30" parent="ground/Level/Trees" instance=ExtResource( 4 )]
transform = Transform( 0.76104, 0, 0.648705, 0, 1, 0, -0.648705, 0, 0.76104, 30.4935, 7.08559, 16.6681 )
hide_distance = 70.0

[node name="treeTwo31" parent="ground/Level/Trees" instance=ExtResource( 4 )]
transform = Transform( 0.76104, 0, 0.648705, 0, 1, 0, -0.648705, 0, 0.76104, 41.4935, 7.08559, 5.66812 )
hide_distance = 70.0

[node name="treeTwo32" parent="ground/Level/Trees" instance=ExtResource( 4 )]
transform = Transform( 0.76104, 0, 0.648705, 0, 1, 0, -0.648705, 0, 0.76104, 38.4935, 7.08559, -4.33188 )
hide_distance = 70.0

[node name="treeTwo33" parent="ground/Level/Trees" instance=ExtResource( 4 )]
transform = Transform( 0.76104, 0, 0.648705, 0, 1, 0, -0.648705, 0, 0.76104, 22.4935, 7.08559, 4.66812 )
hide_distance = 70.0

[node name="treeTwo40" parent="ground/Level/Trees" instance=ExtResource( 4 )]
transform = Transform( 0.76104, 0, 0.648705, 0, 1, 0, -0.648705, 0, 0.76104, -16.5065, 9.08558, -39.3319 )
hide_distance = 70.0

[node name="treeTwo135" parent="ground/Level/Trees" instance=ExtResource( 4 )]
transform = Transform( 0.76104, 0, 0.648705, 0, 1, 0, -0.648705, 0, 0.76104, -17.5065, 0.271701, -5.3319 )
hide_distance = 70.0

[node name="treeTwo139" parent="ground/Level/Trees" instance=ExtResource( 4 )]
transform = Transform( 0.76104, 0, 0.648705, 0, 1, 0, -0.648705, 0, 0.76104, -40.5065, 0.271701, -11.3319 )
hide_distance = 70.0

[node name="treeTwo140" parent="ground/Level/Trees" instance=ExtResource( 4 )]
transform = Transform( 0.76104, 0, 0.648705, 0, 1, 0, -0.648705, 0, 0.76104, -48.5065, 0.271701, -17.3319 )
hide_distance = 70.0

[node name="treeTwo141" parent="ground/Level/Trees" instance=ExtResource( 4 )]
transform = Transform( 0.76104, 0, 0.648705, 0, 1, 0, -0.648705, 0, 0.76104, -31.5065, 0.271701, -29.3319 )
hide_distance = 70.0

[node name="treeTwo142" parent="ground/Level/Trees" instance=ExtResource( 4 )]
transform = Transform( 0.76104, 0, 0.648705, 0, 1, 0, -0.648705, 0, 0.76104, -40.5065, 0.271701, -36.3319 )
hide_distance = 70.0

[node name="treeTwo143" parent="ground/Level/Trees" instance=ExtResource( 4 )]
transform = Transform( 0.76104, 0, 0.648705, 0, 1, 0, -0.648705, 0, 0.76104, -47.5065, 0.271701, -45.3319 )
hide_distance = 70.0

[node name="treeTwo144" parent="ground/Level/Trees" instance=ExtResource( 4 )]
transform = Transform( 0.76104, 0, 0.648705, 0, 1, 0, -0.648705, 0, 0.76104, -38.5065, 0.271701, -46.3319 )
hide_distance = 70.0

[node name="treeTwo145" parent="ground/Level/Trees" instance=ExtResource( 4 )]
transform = Transform( 0.76104, 0, 0.648705, 0, 1, 0, -0.648705, 0, 0.76104, -49.5065, 0.271701, -31.3319 )
hide_distance = 70.0

[node name="treeTwo146" parent="ground/Level/Trees" instance=ExtResource( 4 )]
transform = Transform( 0.76104, 0, 0.648705, 0, 1, 0, -0.648705, 0, 0.76104, -69.5065, 0.271701, -24.3319 )
hide_distance = 70.0

[node name="treeTwo147" parent="ground/Level/Trees" instance=ExtResource( 4 )]
transform = Transform( 0.76104, 0, 0.648705, 0, 1, 0, -0.648705, 0, 0.76104, -61.5065, 0.271701, -6.3319 )
hide_distance = 70.0

[node name="treeTwo148" parent="ground/Level/Trees" instance=ExtResource( 4 )]
transform = Transform( 0.76104, 0, 0.648705, 0, 1, 0, -0.648705, 0, 0.76104, -70.5065, 0.271701, -5.3319 )
hide_distance = 70.0

[node name="treeTwo149" parent="ground/Level/Trees" instance=ExtResource( 4 )]
transform = Transform( 0.76104, 0, 0.648705, 0, 1, 0, -0.648705, 0, 0.76104, -71.5065, 0.271701, 4.6681 )
hide_distance = 70.0

[node name="treeTwo150" parent="ground/Level/Trees" instance=ExtResource( 4 )]
transform = Transform( 0.76104, 0, 0.648705, 0, 1, 0, -0.648705, 0, 0.76104, -64.5065, 0.271701, 12.6681 )
hide_distance = 70.0

[node name="treeTwo151" parent="ground/Level/Trees" instance=ExtResource( 4 )]
transform = Transform( 0.76104, 0, 0.648705, 0, 1, 0, -0.648705, 0, 0.76104, -70.5065, 0.271701, 19.6681 )
hide_distance = 70.0

[node name="treeTwo152" parent="ground/Level/Trees" instance=ExtResource( 4 )]
transform = Transform( 0.76104, 0, 0.648705, 0, 1, 0, -0.648705, 0, 0.76104, -67.5065, 0.271701, 28.6681 )
hide_distance = 70.0

[node name="treeTwo153" parent="ground/Level/Trees" instance=ExtResource( 4 )]
transform = Transform( 0.76104, 0, 0.648705, 0, 1, 0, -0.648705, 0, 0.76104, -52.5065, 0.271701, 29.6681 )
hide_distance = 70.0

[node name="treeTwo154" parent="ground/Level/Trees" instance=ExtResource( 4 )]
transform = Transform( 0.76104, 0, 0.648705, 0, 1, 0, -0.648705, 0, 0.76104, -42.5065, 0.271701, 28.6681 )
hide_distance = 70.0

[node name="treeTwo155" parent="ground/Level/Trees" instance=ExtResource( 4 )]
transform = Transform( 0.76104, 0, 0.648705, 0, 1, 0, -0.648705, 0, 0.76104, -37.5065, 0.271701, 15.6681 )
hide_distance = 70.0

[node name="treeTwo156" parent="ground/Level/Trees" instance=ExtResource( 4 )]
transform = Transform( 0.76104, 0, 0.648705, 0, 1, 0, -0.648705, 0, 0.76104, -53.5065, 0.271701, 20.6681 )
hide_distance = 70.0

[node name="treeTwo157" parent="ground/Level/Trees" instance=ExtResource( 4 )]
transform = Transform( 0.76104, 0, 0.648705, 0, 1, 0, -0.648705, 0, 0.76104, -44.5065, 0.271701, 4.6681 )
hide_distance = 70.0

[node name="treeTwo158" parent="ground/Level/Trees" instance=ExtResource( 4 )]
transform = Transform( 0.76104, 0, 0.648705, 0, 1, 0, -0.648705, 0, 0.76104, -62.5065, 0.271701, -43.3319 )
hide_distance = 70.0

[node name="treeTwo159" parent="ground/Level/Trees" instance=ExtResource( 4 )]
transform = Transform( 0.76104, 0, 0.648705, 0, 1, 0, -0.648705, 0, 0.76104, -71.5065, 0.271701, -44.3319 )
hide_distance = 70.0

[node name="treeTwo160" parent="ground/Level/Trees" instance=ExtResource( 4 )]
transform = Transform( 0.76104, 0, 0.648705, 0, 1, 0, -0.648705, 0, 0.76104, -53.5065, 0.271701, -61.3319 )
hide_distance = 70.0

[node name="treeTwo161" parent="ground/Level/Trees" instance=ExtResource( 4 )]
transform = Transform( 0.76104, 0, 0.648705, 0, 1, 0, -0.648705, 0, 0.76104, -42.5065, 0.271701, -60.3319 )
hide_distance = 70.0

[node name="treeTwo136" parent="ground/Level/Trees" instance=ExtResource( 4 )]
transform = Transform( 0.76104, 0, 0.648705, 0, 1, 0, -0.648705, 0, 0.76104, -17.5065, 0.271701, 6.6681 )
hide_distance = 70.0

[node name="treeTwo137" parent="ground/Level/Trees" instance=ExtResource( 4 )]
transform = Transform( 0.76104, 0, 0.648705, 0, 1, 0, -0.648705, 0, 0.76104, -17.5065, 0.271701, 18.6681 )
hide_distance = 70.0

[node name="treeTwo138" parent="ground/Level/Trees" instance=ExtResource( 4 )]
transform = Transform( 0.76104, 0, 0.648705, 0, 1, 0, -0.648705, 0, 0.76104, -17.5065, 0.271701, 29.6681 )
hide_distance = 70.0

[node name="treeTwo41" parent="ground/Level/Trees" instance=ExtResource( 4 )]
transform = Transform( 0.76104, 0, 0.648705, 0, 1, 0, -0.648705, 0, 0.76104, -3.50648, 9.08558, -41.3319 )
hide_distance = 70.0

[node name="treeTwo42" parent="ground/Level/Trees" instance=ExtResource( 4 )]
transform = Transform( 0.76104, 0, 0.648705, 0, 1, 0, -0.648705, 0, 0.76104, -5.50648, 9.08558, -65.3319 )
hide_distance = 70.0

[node name="treeTwo34" parent="ground/Level/Trees" instance=ExtResource( 4 )]
transform = Transform( 0.76104, 0, 0.648705, 0, 1, 0, -0.648705, 0, 0.76104, 27.4935, 7.08559, -5.33188 )
hide_distance = 70.0

[node name="treeTwo35" parent="ground/Level/Trees" instance=ExtResource( 4 )]
transform = Transform( 0.76104, 0, 0.648705, 0, 1, 0, -0.648705, 0, 0.76104, 29.4935, 7.08559, -15.3319 )
hide_distance = 70.0

[node name="treeTwo36" parent="ground/Level/Trees" instance=ExtResource( 4 )]
transform = Transform( 0.76104, 0, 0.648705, 0, 1, 0, -0.648705, 0, 0.76104, 6.49352, 7.08559, -5.33188 )
hide_distance = 70.0

[node name="treeTwo37" parent="ground/Level/Trees" instance=ExtResource( 4 )]
transform = Transform( 0.76104, 0, 0.648705, 0, 1, 0, -0.648705, 0, 0.76104, 2.49352, 7.08559, 5.66812 )
hide_distance = 70.0

[node name="treeTwo38" parent="ground/Level/Trees" instance=ExtResource( 4 )]
transform = Transform( 0.76104, 0, 0.648705, 0, 1, 0, -0.648705, 0, 0.76104, 12.4935, 7.08559, 17.6681 )
hide_distance = 70.0

[node name="treeTwo39" parent="ground/Level/Trees" instance=ExtResource( 4 )]
transform = Transform( 0.76104, 0, 0.648705, 0, 1, 0, -0.648705, 0, 0.76104, 14.4935, 7.08559, -16.3319 )
hide_distance = 70.0

[node name="treeTwo28" parent="ground/Level/Trees" instance=ExtResource( 4 )]
transform = Transform( 0.76104, 0, 0.648705, 0, 1, 0, -0.648705, 0, 0.76104, 20.4935, 7.08559, 68.6681 )
hide_distance = 70.0

[node name="treeTwo18" parent="ground/Level/Trees" instance=ExtResource( 4 )]
transform = Transform( 0.76104, 0, 0.648705, 0, 1, 0, -0.648705, 0, 0.76104, -58.5065, 7.08559, 96.6681 )
hide_distance = 70.0

[node name="treeTwo19" parent="ground/Level/Trees" instance=ExtResource( 4 )]
transform = Transform( 0.76104, 0, 0.648705, 0, 1, 0, -0.648705, 0, 0.76104, -57.5065, 7.08559, 76.6681 )
hide_distance = 70.0

[node name="treeTwo20" parent="ground/Level/Trees" instance=ExtResource( 4 )]
transform = Transform( 0.76104, 0, 0.648705, 0, 1, 0, -0.648705, 0, 0.76104, -45.5065, 7.08559, 88.6681 )
hide_distance = 70.0

[node name="treeTwo48" parent="ground/Level/Trees" instance=ExtResource( 4 )]
transform = Transform( 0.76104, 0, 0.648705, 0, 1, 0, -0.648705, 0, 0.76104, -35.5065, 1.08559, 97.6681 )
hide_distance = 70.0

[node name="treeTwo49" parent="ground/Level/Trees" instance=ExtResource( 4 )]
transform = Transform( 0.76104, 0, 0.648705, 0, 1, 0, -0.648705, 0, 0.76104, -18.5065, 1.08559, 84.6681 )
hide_distance = 70.0

[node name="treeTwo50" parent="ground/Level/Trees" instance=ExtResource( 4 )]
transform = Transform( 0.76104, 0, 0.648705, 0, 1, 0, -0.648705, 0, 0.76104, -10.5065, 1.08559, 90.6681 )
